ResponseId	Age	Gender	Tromp	Duration	SleepEfficiency.criteria	SleepQualCro	SleepQualAcu	SleepQuantCro	SleepQuantAcu	Moral_DIL	Moral_SCA	Moral_CAR	Age_correct
3	31	1	0	530	1	17	8	9	9	66.17	30	0.642857142857143	1
4	36	2	0	635	1	19	9	8	8	62.64	38	1	1
5	28	2	0	703	1	10	7	6	6	57.22	32	1	1
6	49	1	0	544	1	18	7	8	8	58.8	35	0.785714285714286	1
7	35	1	0	442	1	17	6	8	6	48.92	30	0.857142857142857	1
8	42	3	0	636	1	5	3	5	4	56.1	30	1	1
9	37	1	0	721	1	17	9	7	7	79.89	38	0.785714285714286	1
10	35	1	0	557	1	12	6	7	7	0	30	1	1
11	27	1	0	442	1	19	8	8	8	8.64	24	1	1
12	33	1	0	679	1	18	9	7	7	91.54	33	1	1
13	38	1	0	691	1	14	6	7	7	80.87	39	0.785714285714286	1
14	29	1	0	552	1	18	10	7	7	56.38	34	0.857142857142857	1
15	32	1	0	470	1	13	6	7	7	80.49	40	0.928571428571429	1
16	28	2	0	787	1	17	10	8	9	74.27	32	0.714285714285714	1
17	23	2	1	938	1	18	7	8	8	40.23	32	0.571428571428571	1
18	44	1	0	795	1	17	8	7	7	80.98	40	0.857142857142857	1
19	27	1	0	373	1	16	7	8	8	50.54	32	0.857142857142857	1
20	27	1	0	1222	1	16	5	8	8	25.74	30	0.785714285714286	1
21	41	1	0	517	1	14	8	8	8	74.26	30	1	1
22	33	1	0	735	1	11	3	5	5	84.39	34	0.571428571428571	1
23	44	2	0	276	1	20	10	8	8	110	46	1	1
24	29	1	0	132	1	11	3	8	8	62.92	28	1	1
25	22	2	0	209	1	20	10	7	7	61.54	32	1	1
26	29	1	0	133	1	18	9	8	8	66.7	33	0.857142857142857	1
27	50	1	1	501	1	21	10	8	8	48.95	33	0.5	1
28	26	1	0	471	0	14	7	8	8	65.51	38	0.785714285714286	1
29	25	1	0	456	1	7	7	7	8	84.46	36	0.5	1
30	31	2	0	480	1	11	2	4	3	110	40	0.714285714285714	1
31	27	1	1	441	1	19	5	7	7	10	31	0.5	1
33	48	1	0	1396	1	17	6	8	7	68.28	31	0.714285714285714	1
34	35	1	0	1462	1	15	8	8	8	79.22	35	0.5	1
35	32	1	1	805	1	10	9	11	11	89.93	30	0.428571428571429	1
37	32	2	0	151	1	16	2	8	7	53.31	33	0.571428571428571	1
38	28	2	0	408	1	18	8	8	8	77.94	34	1	1
39	35	2	0	670	1	10	6	6	6	42.27	25	0.5	1
40	40	1	0	773	1	9	8	8	9	61.38	32	0.714285714285714	1
41	32	1	0	594	1	15	8	7	7	51.22	39	1	1
42	38	1	0	136	1	9	7	8	8	66.72	31	0.928571428571429	1
43	35	1	0	314	1	17	7	7	7	72.03	31	1	1
44	39	2	0	595	1	19	9	8	8	10	26	0.5	1
45	35	1	0	223	0	15	5	7	7	10.1	32	1	1
46	35	1	0	590	1	13	4	7	8	93.62	39	0.714285714285714	1
47	40	2	0	654	1	11	6	8	5	81.02	35	0.5	1
48	47	2	0	475	1	19	9	8	8	8.22	27	0.928571428571429	1
49	38	1	0	534	1	11	4	6	7	71.92	30	0.857142857142857	1
50	45	1	0	409	1	16	8	7	7	89.6	35	1	1
51	28	2	0	577	1	6	8	7	8	73.81	34	0.928571428571429	1
52	49	1	0	820	1	10	3	5	5	71.47	37	0.857142857142857	1
53	40	1	0	420	1	12	7	7	7	34.37	32	1	1
54	46	2	0	641	1	16	10	7	7	40	33	1	1
55	28	1	0	152	1	13	4	7	5	55.64	33	0.5	1
56	49	2	0	412	1	12	8	8	8	95.7	32	0.285714285714286	1
57	43	2	0	821	1	17	8	8	7	0	25	0.5	1
58	25	1	0	369	1	13	7	9	7	61.58	36	0.928571428571429	1
59	31	1	1	768	1	14	7	7	7	36.4	30	0.571428571428571	1
60	23	2	0	287	1	15	7	7	7	39.91	36	0.714285714285714	1
61	29	1	0	320	1	8	6	2	4	64.71	32	0.428571428571429	1
62	45	2	0	638	1	18	8	7	5	51.79	32	0.571428571428571	1
64	37	1	0	356	1	16	7	7	7	32.62	34	0.857142857142857	1
65	45	1	0	688	1	10	10	6	6	59.95	37	1	1
66	23	2	0	509	1	14	7	8	8	73	31	0.857142857142857	1
67	31	2	0	1038	1	16	8	8	8	60	31	0.428571428571429	1
68	27	1	0	1341	1	20	9	7	7	87.69	41	0.785714285714286	1
69	28	1	0	625	1	12	7	7	7	61.86	36	1	1
70	40	1	1	387	1	8	8	6	7	89.84	34	0.857142857142857	1
71	28	1	1	918	1	10	6	6	7	79.85	32	0.928571428571429	1
72	25	2	0	493	1	12	4	6	5	59.71	31	0.785714285714286	1
73	46	1	1	327	1	20	10	7	7	0	30	0.5	1
75	43	2	0	1950	1	9	3	6	4	58.34	29	0.928571428571429	1
76	29	1	0	629	1	8	6	8	8	64.65	37	0.857142857142857	1
77	29	1	0	661	1	12	8	8	8	88.04	31	0.642857142857143	1
78	30	1	0	439	1	10	7	8	8	84.1	31	0.857142857142857	1
79	30	1	0	688	1	7	8	8	6	100.47	33	1	1
80	33	1	0	184	0	13	6	8	8	91.86	30	0.857142857142857	1
81	29	1	0	660	1	6	10	10	10	82.95	31	0.714285714285714	1
82	43	2	0	330	1	18	8	8	8	34.13	34	1	1
83	34	2	0	272	1	12	3	7	6	36.28	31	1	1
84	33	2	0	1458	1	18	7	6	7	94.18	34	1	1
85	36	1	0	2277	1	18	4	7	8	84.21	36	0.928571428571429	1
86	30	2	0	610	1	12	7	8	6	63.67	32	0.928571428571429	1
87	32	1	0	609	1	13	6	8	6	64.78	37	1	1
88	34	1	0	1364	1	13	6	8	8	99.61	35	1	1
89	49	1	0	706	1	14	8	6	7	17.85	30	0.785714285714286	1
90	34	1	0	600	1	19	0	7	6	110	43	1	1
91	29	2	0	786	1	19	9	7	7	3.45	33	0.857142857142857	1
92	24	2	0	706	1	11	4	7	8	49.04	39	0.714285714285714	1
94	40	1	0	608	1	20	8	7	7	28.84	30	0.928571428571429	1
95	39	2	0	1346	1	11	3	6	6	31.05	36	0.857142857142857	1
96	26	1	0	237	1	14	6	8	7	63	34	0.714285714285714	1
97	41	1	0	261	1	15	6	6	6	48.31	35	1	1
98	30	1	0	805	1	11	6	6	6	65.52	35	0.857142857142857	1
99	35	1	0	310	1	20	10	8	8	68.23	36	1	1
100	25	1	0	364	0	10	5	8	7	61.95	34	0.928571428571429	1
101	30	1	1	670	1	16	7	7	7	44.44	34	0.5	1
103	33	2	0	1798	1	15	8	6	7	34.12	24	0.428571428571429	1
104	43	1	0	4641	1	13	7	7	7	65.34	37	0.857142857142857	1
105	37	1	0	582	1	16	7	8	8	67.29	32	0.714285714285714	1
106	29	1	0	400	1	17	9	7	7	75.07	34	1	1
107	27	1	0	1178	1	16	5	7	7	42.66	34	0.642857142857143	1
108	33	2	0	391	1	16	7	8	8	9.02	29	0.428571428571429	1
109	37	2	0	663	1	14	8	6	6	20	33	0.857142857142857	1
110	26	1	0	1783	1	14	8	7	8	65.81	39	0.857142857142857	1
111	28	1	0	1030	1	13	7	8	8	53.42	35	1	1
112	48	1	0	789	1	15	7	7	6	20	31	1	1
113	35	1	0	419	1	18	8	8	9	66.72	41	0.714285714285714	1
114	48			103						0	34		1
115	47			189						15.75	29		1
118	27	1	1	347	1	7	1	0	2	68.69	40	0.5	1
120	29	2	0	631	1	14	7	8	9	60.39	37	0.857142857142857	1
121	23			163						70.56			1
125	48	2	1	285	1	6	5	6	6	106.9	30	0.5	1
126	35			375						41.6	32		1
127	42	1	1	185	1	12	5	8	6	66.79	35	0.5	1
130	25		1	225						84.23	32		1
133	30	1	1	947	1	10	10	6	6	31.4	40	0.714285714285714	1
134	27			557						70.12			1
136	32	2	0	692	1	13	0	6	2	8.25	31	1	1
137	27	1	0	993	1	18	6	8	8	14.82	32	1	1
138	25	1	0	389	0	14	4	11	10	68.48	27	0.5	1
139	24	2	0	521	1	16	8	8	6	35.93	36	0.571428571428571	1
140	35	2	0	419	1	10	5	6	6	48.41	38	1	1
141	38	1	0	1030	1	19	9	6	6	52.9	39	0.785714285714286	1
142	50	1	0	366	1	18	7	8	8	27.74	25	0.5	1
