ResponseId	Age	Gender	Tromp	Duration	SleepQualCro	SleepQualAcu	SleepQuantCro	SleepQuantAcu	Moral_DIL	Submarine_1	Trespassers_1	Hostages_1	Liferaft_1	PlaneCrash_1	PrisWar_1	Spelunkers_1	Soldier_1	Surgery_1	Footbridge_1	Cryingbaby_1	CRT_TOT	Num_TOT	AOT_TOT	Psych_TOT	Narc_TOT	Mach_TOT	Age_correct
1	30	2	2	228	8	10	7	8	50	0	0	10	10	0	10	0	10	10	0	0	0	1	32	13	25	9	1
2	31	2	2	264	7	8	7	7	82.01	10	8.66	7.8	8.97	7.59	8.93	7.43	7.61	3.91	5.47	5.64	6	3	37	11	16	23	1
3	36	2	2	292	5	4	8	8	73.22	10	3.25	3.11	10	4.26	3.77	7.08	6.56	7.02	8.17	10	7	3	39	21	20	33	1
4	45	2	2	348	3	6	4	5	86.99	7.67	7.31	9.57	9.47	4.17	9.03	8.17	10	6.51	8.44	6.65	7	3	34	23	18	26	1
5	49	2	2	293	9	10	2	2	103.32	9.47	9.16	9.44	9.94	9.59	9.42	9.57	9.59	9.07	9.14	8.93	1	0	25	31	32	37	1
7	37	2	2	132	3	4	8	6	68.39	8.13	10	10	1.77	9.07	9.65	9.57	0	0	5.1	5.1	1	0	26	13	10	22	1
8	23	1	2	133	4	2	6	5	52.21	7.26	2.24	6.72	2.33	7.84	5.05	2.55	7.61	0.67	2.43	7.51	6	1	22	23	31	30	1
9	26	1	2	234	7	8	7	7	35.5	3.11	3.42	3.02	3.66	0.99	3.74	3.21	6.4	3.44	2.47	2.04	5	3	25	21	24	32	1
10	30	1	2	395	3	7	5	6	51.87	8.74	0	0	10	2.35	10	7.94	7.78	0	0	5.06	5	2	32	25	24	37	1
15	28	1	2	343	7	8	7	7	95.26	10	10	10	9.47	1.58	9.18	8.46	8.48	8.77	9.32	10	0	2	36	21	25	38	1
16	30	1	2	532	7	8	7	7	62.73	1.44	7.45	7.59	4.07	7.65	8.09	8.15	8.27	1.21	3.81	5	7	3	35	22	26	30	1
17	38	1	2	231	8	8	8	8	4.88	0	0	0	0	0	4.88	0	0	0	0	0	7	2	35	15	16	17	1
18	38	2	2	339	3	5	5	5	2.01	0.02	0.25	0.14	0.02	0	0	0.45	1.05	0	0.08	0	7	2	35	17	22	26	1
19	33	1	2	658	8	8	8	8	10.02	0	0	0	0	0	0.02	0	0	10	0	0	1	2	29	22	30	34	1
20	33	1	2	640	8	7	8	7	50.47	7.61	2.14	1.36	8.23	7.53	1.89	7.04	2.49	0.99	2.1	9.09	7	3	39	16	20	22	1
21	34	2	2	266	10	10	8	9	6.85	0.08	0.35	0.64	1.09	1.21	0.56	0.95	0.78	0.43	0.25	0.51	7	3	33	12	28	24	1
22	33	2	2	447	3	6	7	8	42.85	3.56	5.1	4.36	5.8	0	4.42	5.99	6.26	0	2.26	5.1	2	2	26	20	25	26	1
23	31	1	3	361	5	7	7	9	41.43	2.16	1.95	1.91	7.8	1.17	6.4	6.95	7.35	3.05	2.2	0.49	7	2	31	19	13	24	1
24	40	1	2	652	5	6	8	8	68.6	8.15	7.22	3.27	7.18	1.81	10	2.35	10	7.7	2.57	8.35	2	1	22	27	27	28	1
25	37	1	2	246	5	5	6	6	80	10	10	10	10	0	10	10	10	0	0	10	7	2	33	22	27	34	1
26	37	2	2	396	7	7	7	6	48.1	4.32	4.22	4.16	6.15	2.9	5.14	5.66	6.23	1.21	1.79	6.32	7	3	35	11	14	15	1
27	48	1	4	308	5	5	8	8	85.81	7.9	8.46	7.45	4.07	8.74	9.24	8.02	3.97	10	10	7.96	5	2	26	31	31	38	1
29	39	1	2	443	7	7	7	7	30	10	0	0	10	0	0	0	10	0	0	0	7	3	38	13	9	9	1
30	29	1	2	747	5	7	8	8	0	0	0	0	0	0	0	0	0	0	0	0	7	3	22	16	13	25	1
31	22	1	2	382	9	8	5	7	94.4	7.11	9.77	8.89	9.75	0	10	9.86	9.75	9.77	9.77	9.73	1	0	24	29	31	30	1
32	39	2	2	688	8	9	7	8	12.69	0	0	0	1.13	0	0	4.73	6.83	0	0	0	7	3	27	20	19	19	1
33	33	1	2	301	7	9	6	7	70.27	7.33	10	10	7.57	0.72	10	5.47	10	0	8.05	1.13	3	3	26	23	11	25	1
34	23	1	2	398	8	7	9	9	42.02	7.59	4.71	6.32	4.14	0	10	3.05	6.21	0	0	0	3	3	35	18	18	23	1
35	25	1	2	1019	5	4	6	5	84.62	8.91	7.53	8.6	10	3.58	7	6.3	8.99	7.1	7.37	9.24	1	1	29	24	22	30	1
39	50	1	2	416	8	9	7	6	24.67	3.5	0	0.06	3.97	3.13	1.3	0.86	3.48	2.98	3.27	2.12	4	2	27	22	25	31	1
40	30	1	2	354	8	9	7	7	82.36	9.24	9.44	9.16	9.22	0.51	9.26	9.28	8.5	8.19	9.03	0.53	5	2	29	21	31	29	1
41	38	1	2	1096	7	7	7	7	66.92	7.43	5.04	6.19	7.63	5.08	4.01	7.35	6.81	4.98	5.12	7.28	7	2	35	18	18	19	1
44	39	1	2	627	8	8	8	8	110	10	10	10	10	10	10	10	10	10	10	10	7	3	34	18	28	24	1
45	41	2	2	468	7	7	6	6	17.29	0.64	0.68	0	0.93	0	0.14	6.01	8.89	0	0	0	7	2	35	18	17	22	1
46	29	2	2	339	7	8	8	8	40.41	2.43	3.68	4.86	4.18	2.12	5.16	3.74	5.62	3.02	3.09	2.51	6	2	34	18	18	29	1
47	31	1	2	1163	7	7	7	7	32.84	10	0	0	10	0	0	10	0	2.04	0.8	0	2	3	32	11	34	18	1
48	41	2	2	295	8	7	8	7	33.92	1.42	0.31	8.74	1.46	1.15	7.84	1.46	1.19	7.86	2.49	0	0	1	19	22	35	23	1
49	32	2	2	583	5	2	8	7	55.96	7.39	0.64	0.23	9.14	0	8.6	9.26	9.24	2.24	8.42	0.8	6	3	29	10	9	18	1
50	25	1	2	429	10	10	8	9	28.19	7.16	0	0	7.86	0	0.25	0	7.82	0	0	5.1	5	3	37	24	24	31	1
51	38	2	2	1101	3	0	5	3	14.96	0	0	0.1	0.1	0	6.93	6.6	0	0	0	1.23	5	2	28	13	15	24	1
52	29	1	2	520	2	0	6	4	70.24	7.49	9.2	6.13	8.17	1.81	9.34	7.65	9.12	0.86	3.93	6.54	6	2	37	16	16	22	1
53	25	1	2	1270	8	8	6	5	68.54	6.28	2.06	8.11	10	7.28	2.47	10	3.42	8.11	2.7	8.11	3	2	27	32	26	33	1
54	48	2	2	1351	7	8	7	7	71.45	10	5.1	4.03	8.74	0	6.87	8.81	8.97	2.35	7.28	9.3	1	2	28	11	23	23	1
55	34	2	2	454	4	7	8	8	86.57	10	8.25	9.4	10	2.65	9.34	9.2	9.07	8.13	9.32	1.21	4	1	28	17	28	31	1
56	39	2	2	878	6	5	6	6	40.08	0	10	10	0.02	0	10	9.9	0.06	0	0.1	0	3	3	31	15	15	24	1
57	43	2	2	827	6	7	7	6	3.08	0	0	0	0	0	1.21	0.29	1.23	0	0.31	0.04	3	1	31	14	26	24	1
59	44	1	2	487	1	0	6	6	13.99	2.67	1.01	1.63	1.83	0	1.4	2.26	2.8	0	0.39	0	6	2	29	26	39	29	1
60	36	2	2	463	2	6	9	9	59.52	6.98	7.59	6.81	6.75	1.52	6.93	4.67	7.06	2.76	3.33	5.12	7	2	37	16	9	16	1
61	38	2	2	966	3	5	6	6	26.58	1.3	2.49	2.37	3.77	4.47	4.2	3.81	4.03	0.06	0	0.08	3	1	23	13	22	17	1
62	39	2	2	836	7	5	6	5	1.71	0	0.02	0	0.08	0	0	1.38	0.23	0	0	0	6	3	33	18	22	25	1
63	47	2	2	1780	10	10	8	7	108.2	8.4	10	10	9.86	10	10	10	10	10	9.94	10	0	1	25	32	31	41	1
64	45	1	2	607	7	7	7	7	15.16	2.14	1.15	1.3	1.34	1.5	1.23	0.78	1.07	1.5	1.38	1.77	6	2	28	19	24	22	1
65	31	1	2	457	7	8	6	7	21.66	1.52	0	0.64	1.91	0	6.36	1.98	6.91	0	0.49	1.85	6	3	36	13	16	32	1
66	30	1	2	417	8	3	8	4	35.82	0.53	0	0	7.41	0	7.12	3.35	9.22	0	0	8.19	5	3	28	16	22	26	1
67	27	1	2	636	10	10	7	7	0	0	0	0	0	0	0	0	0	0	0	0	7	3	36	13	29	27	1
68	25	1	2	507	3	3	6	6	71.98	9.51	0.7	8.23	9.59	6.52	8.31	0.41	9.22	0	9.49	10	7	3	39	10	9	30	1
69	29	1	2	351	8	7	7	7	0	0	0	0	0	0	0	0	0	0	0	0	6	3	26	27	28	29	1
70	31	1	2	1102	5	4	6	5	61.65	7.51	5.6	3.83	8.93	2.08	8.89	8.74	2.9	0.84	5.68	6.65	6	3	37	28	29	23	1
72	48	1	2	703	5	5	6	6	77.98	10	10	10	10	0	10	10	10	0	0	7.98	4	0	32	12	21	26	1
73	30	1	2	397	5	7	8	9	53.93	6.36	7.2	5.68	6.09	0	6.75	7.59	5.84	1.13	3.4	3.89	5	2	34	27	21	33	1
74	32	1	2	709	8	9	7	7	32.35	6.98	3.25	3.87	2.9	0	2.63	5.93	0	0	0	6.79	6	3	31	27	18	33	1
76	29	2	2	1151	7	9	6	7	0	0	0	0	0	0	0	0	0	0	0	0	6	2	40	13	17	24	1
77	23	1	2	949	8	9	8	8	82.7	9.63	10	10	10	3.11	8.46	3	6.83	3.42	8.25	10	6	3	22	20	26	23	1
80	43	2	2	438	7	9	6	7	64.26	6.34	5.95	6.19	8.62	1.46	7.98	6.38	7.84	2.78	3.56	7.16	6	2	35	19	20	31	1
81	24	1	2	447	6	7	7	6	52.06	8.09	3.31	5.14	7.24	1.4	5.76	6.38	5.35	0.62	4.3	4.47	6	3	31	11	23	23	1
82	44	1	2	1579	6	6	5	5	85.79	9.4	7.57	10	10	7.7	10	10	7.37	1.05	3.17	9.53	7	2	17	27	26	38	1
85	32	2	2	811	3	2	5	6	57.24	3.15	6.48	6.52	6.13	1.89	9.01	3.6	8.13	0	2.33	10	6	3	28	19	10	30	1
86	22	1	2	386	7	6	7	7	8.69	2.49	1.4	1.19	0.91	0	0	0	0	0	0	2.7	2	2	37	14	34	24	1
87	27	2	2	2688	8	7	8	6	78.42	6.23	10	2.33	10	3.7	9.73	7.18	10	3.81	9.16	6.28	5	0	22	26	30	33	1
88	38	2	2	628	7	10	9	9	58.09	7.78	4.32	4.86	5.97	2.35	5.41	6.69	5.51	3.17	5.1	6.93	5	2	25	23	21	33	1
89	33	2	2	689	5	5	6	5	53.28	7.67	0.02	9.13	9.57	0	8.6	7.59	9.9	0.8	0	0	3	2	33	15	21	23	1
90	36	1	2	599	10	10	7	7	110	10	10	10	10	10	10	10	10	10	10	10	5	3	30	18	41	37	1
91	31	2	2	659	7	8	5	6	69.74	7	6.44	2.51	7	8.19	6.79	7.94	2.55	8.54	5.72	7.06	3	0	29	18	23	12	1
92	45	1	2	496	10	10	8	8	77.67	10	10	10	10	2.53	10	10	7.49	0	0	7.65	5	2	31	15	19	20	1
93	50	1	2	462	5	4	6	7	110	10	10	10	10	10	10	10	10	10	10	10	6	2	25	20	27	28	1
94	36	2	2	602	3	6	5	5	65.25	10	6.32	7.3	8.42	0.02	9.24	6.91	8.89	0	0.04	8.11	6	3	36	20	19	32	1
95	27	1	2	831	5	2	5	4	15	0.68	1.98	0	1.98	0	6.5	0.25	0.95	2.33	0.33	0	1	2	24	31	33	34	1
96	32	1	2	483	6	7	6	6	14.26	1.09	0	1.13	2.12	1.54	2.47	0.64	1.87	1.3	1.3	0.8	2	1	22	30	27	28	1
98	27	1	2	1427	6	8	9	7	70.57	7.24	1.5	7.96	2.57	8.85	8.58	3.85	9.24	10	2.1	8.68	4	1	24	25	27	31	1
99	39	2	2	447	10	9	9	8	74.94	8.89	7.9	10	10	4.96	10	10	0	0	8.09	5.1	1	2	29	24	33	29	1
100	45	2	2	882	7	7	6	6	40	10	0	0	10	0	0	10	10	0	0	0	3	1	24	18	29	28	1
101	28	1	2	392	8	9	8	8	60	10	0	0	10	0	10	10	10	0	0	10	4	2	40	22	21	43	1
102	26	1	2	452	4	3	7	6	36.63	8.74	0.23	0.62	4.61	2.1	2.22	5.56	6.26	0.37	1.19	4.73	6	2	32	22	18	21	1
103	38	1	2	485	8	9	8	8	64.75	7.84	6.67	2.12	8.48	3.23	9.67	8.81	8.87	0.23	0.99	7.84	6	3	32	13	29	30	1
104	31	1	2	534	1	0	4	3	12.69	2.14	2.53	2.24	2.57	0.84	1.34	0.56	0.08	0	0.39	0	1	3	35	19	17	19	1
106	26	1	2	532	10	7	6	6	66.72	7.94	6.69	5.78	7.2	3.87	6.69	6.28	4.61	7.33	6.26	4.07	0	0	23	31	31	36	1
107	50	1	2	695	7	5	7	7	33.73	1.36	0	0	2.39	0	0	10	10	0	0	9.98	6	3	27	26	22	27	1
108	33	1	2	426	6	8	9	8	51.47	8.05	6.38	7.06	4.4	1.54	2.51	0.99	8.37	3.05	7.12	2	4	1	25	39	35	31	1
109	28	2	2	1023	3	3	6	5	36.07	6.93	0.37	2.92	6.32	0	5.74	4.14	5.72	0	3.93	0	0	1	23	11	21	19	1
110	29	1	2	285	3	4	6	6	62.02	5.86	3.56	5.95	7.08	7.82	1.79	3.46	7.2	8.91	2.28	8.11	7	3	25	25	24	22	1
111	50	2	2	1011	4	4	5	6	68.18	7.24	8.37	8.31	7.41	3.15	8.62	5.6	8.05	1.38	5.56	4.49	7	3	35	12	18	26	1
112	38	2	2	972	8	8	8	8	25.08	7.33	4.18	2.1	6.77	0	3.44	0.29	0	0	0	0.97	7	3	32	10	21	19	1
113	37	1	2	312	6	4	7	6	80.42	9.53	7.67	7.2	10	1.26	9.26	7.78	10	2.8	6.36	8.56	7	3	38	15	11	30	1
114	38	1	2	495	4	1	5	4	16.95	2.37	0	0	0.27	0	0	0.29	7.33	0.02	0	6.67	5	2	35	20	22	31	1
116	37	1	2	740	6	4	6	5	62.84	6.91	0	6.67	6.73	4.79	7.67	7.06	7.65	5.1	3.08	7.18	5	2	35	18	36	25	1
117	27	1	2	1657	8	7	5	5	18.38	0.02	1.36	3.11	3.91	0	1.01	2.16	0.51	0	0	6.3	2	3	31	16	22	33	1
118	31	1	2	1540	6	4	6	5	27.78	7.56	2.86	2.3	1.97	0.71	0.05	5.81	6.52	0	0	0	7	3	38	13	12	11	1
119	38	1	2	400	10	9	5	9	73.56	10	8.62	7.06	7.92	10	7.2	2.59	6.44	3.17	8.05	2.51	1	0	24	31	29	37	1
120	37	1	2	368	7	8	7	7	11.17	1.42	1.75	1.44	1.42	0	1.63	1.15	0.41	1.07	0.88	0	7	3	30	25	28	33	1
121	35	1	2	1818	3	2	5	6	76.53	10	5.88	7.47	8.02	7.35	9.14	5.68	7.86	2.02	5.23	7.88	6	3	29	20	22	30	1
122	46	2	2	283	4	4	4	4	34.07	7.53	0.97	0.99	9.16	1.26	0.93	6.63	6.17	0.12	0.1	0.21	7	2	34	9	22	35	1
124	32	2	2	422	8	7	8	7	12.89	2.2	0.58	2.2	2.37	0.91	1.11	0.37	1.87	0	0	1.28	6	3	30	15	15	25	1
125	48	2	2	643	8	7	7	5	0	0	0	0	0	0	0	0	0	0	0	0	6	2	34	11	22	16	1
126	29	2	2	669	3	4	7	6	69.87	8.25	9.38	8.97	10	2.04	7.41	6.95	8.83	0.16	6.75	1.13	3	3	32	16	19	24	1
127	41	1	2	640	9	9	7	7	0	0	0	0	0	0	0	0	0	0	0	0	6	2	33	17	29	31	1
128	44	2	2	369	7	5	7	7	11.44	0.29	0	0.19	2.88	0.06	0	2.84	5.1	0	0	0.08	4	3	27	21	20	24	1
129	28	2	2	369	8	9	8	8	70.09	8.85	6.89	7.43	4.44	6.48	6.95	2.55	7.08	7.1	6.13	6.19	1	0	25	29	27	37	1
132	46	2	2	484	5	4	7	7	72.84	6.5	7.41	7.72	7.06	5.11	6.95	5.11	7.24	6.52	6.21	7.01	4	1	33	18	26	22	1
133	31	2	2	799	7	8	9	9	55	3.46	5.8	2.43	7.12	1.48	3.66	7.76	6.28	9.22	6.19	1.6	3	3	33	23	32	32	1
134	32	1	2	458	6	3	7	7	39.05	10	3.27	2.26	4.24	1.38	6.21	2.04	2.49	0	0	7.16	6	3	40	18	14	30	1
135	26	2	2	653	6	6	6	6	52.81	7.08	6.81	6.38	7.08	2.74	2.98	5.78	6.23	1.21	2.22	4.3	3	3	24	25	19	25	1
136	32	1	2	461	6	7	6	5	98.18	9.75	9.86	9.78	10	8.74	9.8	5.96	9.14	5.15	10	10	5	3	35	20	12	23	1
137	39	1	2	478	3	4	9	9	66.25	5.41	8.79	9.14	6.65	4.14	9.63	4.12	7.65	0	3.58	7.14	7	3	39	15	12	32	1
138	29	1	2	898	7	8	7	8	89.9	7.63	3.68	10	8.37	6.91	8.87	8.64	10	7.53	8.27	10	5	2	36	19	23	30	1
139	35	2	2	537	7	7	7	7	54.72	0	10	8.02	3.31	0	7.3	8.58	10	0	0	7.51	5	1	28	28	18	34	1
140	23	1	2	505	6	6	6	5	51.26	2.2	6.05	7.57	6.15	0.74	7.47	6.93	5.88	0	0	8.27	6	3	35	25	23	31	1
141	27	1	2	309	4	4	5	4	59.19	5.86	6.13	6.93	4.57	5.6	5.7	4.03	5.91	4.09	6.11	4.26	1	0	20	27	29	27	1
142	30	1	2	1471	5	5	4	4	43.77	2.39	0	0	10	1.38	10	0	10	0	0	10	5	3	27	18	23	35	1
144	34	1	2	656	7	6	7	8	96.55	9.98	7.76	10	10	9.84	9.75	9.73	9.12	6.79	5.86	7.72	7	2	32	29	22	29	1
145	40	2	2	683	3	6	5	6	54.37	2.08	6.48	7.61	3.77	0.76	8.07	8.46	10	0	5.68	1.46	6	2	33	14	20	21	1
146	24	1	2	750	0	0	4	4	19.61	0	0	0	0	0	0	7.74	7.43	0	0	4.44	0	3	29	18	20	31	1
147	43	2	2	520	8	8	8	8	5.8	1.32	0	0	0.86	0	0	1.03	2.59	0	0	0	7	3	36	14	16	26	1
148	46	2	2	2378	5	5	6	6	34.4	3.97	1.36	4.3	3.27	0.21	3.97	5.88	5.16	1.19	1.28	3.81	6	2	24	24	31	29	1
149	42	1	2	459	9	8	8	8	74.64	10	4.51	5.47	7.08	5.8	6.71	7.12	8.35	8.11	7.72	3.77	4	0	25	21	34	34	1
